# frame: output
# refimage: shifts_wcs.fits[wcs]
# form: delta
# units: pixels
ibxl54030_drz.fits    0.000000  0.000000    0.000000     1.000000   0.000000  0.000000
ibxl51030_drz.fits    -0.299283  -0.361241    0.021691     1.000313   0.131929  0.149963
ibxl53030_drz.fits    -4.205766  0.323166    359.978461     1.000371   0.110504  0.169984
ibxl55030_drz.fits    0.256377  -0.102951    359.989651     0.999885   0.091519  0.230958
ibxl57030_drz.fits    -3.789280  -1.391817    359.977620     1.000054   0.139275  0.199142
ibxl50030_drz.fits    -0.762632  0.331518    0.037496     0.999318   0.087672  0.102772
ibxl52030_drz.fits    -3.944814  -2.993906    0.032807     1.000192   0.144704  0.222619
ibxl56030_drz.fits    -4.483948  -1.078970    359.959350     0.999805   0.116482  0.137644
ibxl58030_drz.fits    0.416286  0.093492    359.981093     1.000133   0.111552  0.075918
