# frame: output
# refimage: shifts_wcs.fits[wcs]
# form: delta
# units: pixels
ick905k5q_flc.fits    -0.998110  -0.557157    359.992539     1.000041   0.167172  0.105246
ick905keq_flc.fits    -0.971813  -0.563878    359.992929     1.000028   0.165138  0.103609
ick905knq_flc.fits    -0.938544  -0.600765    359.991954     1.000038   0.162549  0.101690
ick906kwq_flc.fits    -12.011143  -20.546829    359.990369     1.000049   0.166655  0.212892
ick906l5q_flc.fits    -11.957243  -20.549297    359.989743     1.000059   0.165359  0.196861
ick906leq_flc.fits    -12.017884  -20.638845    359.991116     1.000067   0.142545  0.139420
ick907nkq_flc.fits    -11.779874  -27.927385    359.992464     1.000092   0.135273  0.127085
ick907o1q_flc.fits    -11.815083  -27.966748    359.990928     1.000086   0.127246  0.130934
ick907ouq_flc.fits    -11.757420  -28.063600    359.991214     1.000041   0.125733  0.124423
ick908pbq_flc.fits    -14.647917  -21.083024    359.992455     1.000083   0.142638  0.114091
ick908pkq_flc.fits    -14.637783  -21.006406    359.989126     1.000077   0.145057  0.101425
ick908ptq_flc.fits    -14.603493  -21.052498    359.990284     1.000087   0.145331  0.086581
